23583 20240101  2.514 -158.61   59.28     3.6    -3.9    -0.2     0.3     2.2     0.00 C     0.6    -5.1    -1.4    90.4    64.0    78.6 -99.000 -99.000 -99.000 -99.000 -99.000 -9999.0 -9999.0 -9999.0 -9999.0 -9999.0
23583 20240102  2.514 -158.61   59.28     4.1     0.9     2.5     2.9     1.7     0.08 C     0.8    -0.8     0.2    78.5    63.4    68.1 -99.000 -99.000 -99.000 -99.000 -99.000 -9999.0 -9999.0 -9999.0 -9999.0 -9999.0
23583 20240103  2.514 -158.61   59.28     4.0    -2.7     0.7     2.5     2.8     0.29 C     1.1    -4.6    -0.4    85.0    64.8    73.1 -99.000 -99.000 -99.000 -99.000 -99.000 -9999.0 -9999.0 -9999.0 -9999.0 -9999.0
23583 20240104  2.514 -158.61   59.28    -2.7    -6.7    -4.7    -5.2    12.6     0.23 C    -3.1    -6.5    -5.1    89.2    79.5    86.7 -99.000 -99.000 -99.000 -99.000 -99.000 -9999.0 -9999.0 -9999.0 -9999.0 -9999.0
23583 20240105  2.514 -158.61   59.28    -1.2    -3.5    -2.4    -2.2     3.5     0.37 C    -1.2    -7.6    -3.0    94.0    87.1    91.1 -99.000 -99.000 -99.000 -99.000 -99.000 -9999.0 -9999.0 -9999.0 -9999.0 -9999.0
23583 20240106  2.514 -158.61   59.28     3.4    -3.8    -0.2     1.0    14.5     0.00 C     1.2    -4.3    -0.5    94.5    75.5    88.5 -99.000 -99.000 -99.000 -99.000 -99.000 -9999.0 -9999.0 -9999.0 -9999.0 -9999.0
23583 20240107  2.514 -158.61   59.28     1.9    -0.7     0.6     0.7     2.5     0.25 C     0.2    -3.3    -0.8    96.0    77.7    88.4 -99.000 -99.000 -99.000 -99.000 -99.000 -9999.0 -9999.0 -9999.0 -9999.0 -9999.0
23583 20240108  2.514 -158.61   59.28    -0.2   -12.0    -6.1    -3.8     0.3     0.66 C    -1.0   -16.4    -5.7    98.0    87.3    94.1 -99.000 -99.000 -99.000 -99.000 -99.000 -9999.0 -9999.0 -9999.0 -9999.0 -9999.0
23583 20240109  2.514 -158.61   59.28    -6.7   -14.2   -10.4   -10.7     0.0     1.23 C    -7.6   -20.3   -15.8    92.8    84.4    88.6 -99.000 -99.000 -99.000 -99.000 -99.000 -9999.0 -9999.0 -9999.0 -9999.0 -9999.0
23583 20240110  2.514 -158.61   59.28    -2.0    -6.7    -4.4    -5.5     0.3     0.21 C    -3.0    -7.7    -5.9    90.0    79.9    84.4 -99.000 -99.000 -99.000 -99.000 -99.000 -9999.0 -9999.0 -9999.0 -9999.0 -9999.0
23583 20240111  2.514 -158.61   59.28     4.9    -2.1     1.4     2.9    12.6     0.00 C     0.9    -3.1     0.1    85.6    63.5    73.6 -99.000 -99.000 -99.000 -99.000 -99.000 -9999.0 -9999.0 -9999.0 -9999.0 -9999.0
23583 20240112  2.514 -158.61   59.28     4.6     0.3     2.4     1.9    14.1     0.01 C     0.8    -0.1     0.2    97.1    65.4    83.9 -99.000 -99.000 -99.000 -99.000 -99.000 -9999.0 -9999.0 -9999.0 -9999.0 -9999.0
23583 20240113  2.514 -158.61   59.28     4.4    -0.8     1.8     2.4    13.5     0.33 C     2.4    -2.0     0.5    94.2    72.5    82.8 -99.000 -99.000 -99.000 -99.000 -99.000 -9999.0 -9999.0 -9999.0 -9999.0 -9999.0
23583 20240114  2.514 -158.61   59.28    -0.7    -7.2    -4.0    -2.9     0.0     1.00 C    -1.9   -11.7    -6.5    88.3    52.3    68.9 -99.000 -99.000 -99.000 -99.000 -99.000 -9999.0 -9999.0 -9999.0 -9999.0 -9999.0
23583 20240115  2.514 -158.61   59.28    -1.7    -9.6    -5.7    -3.7     0.0     1.16 C    -1.5   -13.5    -4.7    98.1    80.9    90.1 -99.000 -99.000 -99.000 -99.000 -99.000 -9999.0 -9999.0 -9999.0 -9999.0 -9999.0
23583 20240116  2.514 -158.61   59.28     0.6   -10.4    -4.9    -5.5     0.0     1.30 C    -4.7   -14.7    -9.4    92.1    48.2    85.3 -99.000 -99.000 -99.000 -99.000 -99.000 -9999.0 -9999.0 -9999.0 -9999.0 -9999.0
23583 20240117  2.514 -158.61   59.28     2.9    -3.5    -0.3    -0.1     0.0     2.10 C    -4.3    -9.1    -6.8    54.5    21.9    36.5 -99.000 -99.000 -99.000 -99.000 -99.000 -9999.0 -9999.0 -9999.0 -9999.0 -9999.0
23583 20240118  2.514 -158.61   59.28     3.5    -5.9    -1.2     0.1     0.0     2.13 C    -3.6   -12.5    -7.0    48.7    25.6    34.1 -99.000 -99.000 -99.000 -99.000 -99.000 -9999.0 -9999.0 -9999.0 -9999.0 -9999.0
23583 20240119  2.514 -158.61   59.28     1.2    -6.1    -2.4    -1.1     0.0     2.19 C    -3.1   -12.7    -6.6    52.8    38.0    46.9 -99.000 -99.000 -99.000 -99.000 -99.000 -9999.0 -9999.0 -9999.0 -9999.0 -9999.0
23583 20240120  2.514 -158.61   59.28     1.7   -10.6    -4.5    -3.6     0.0     2.40 C    -5.3   -14.4    -8.6    57.2    35.1    43.4 -99.000 -99.000 -99.000 -99.000 -99.000 -9999.0 -9999.0 -9999.0 -9999.0 -9999.0
23583 20240121  2.514 -158.61   59.28   -10.5   -17.3   -13.9   -15.4     0.0     2.51 C   -14.4   -21.0   -18.5    49.4    35.6    43.8 -99.000 -99.000 -99.000 -99.000 -99.000 -9999.0 -9999.0 -9999.0 -9999.0 -9999.0
23583 20240122  2.514 -158.61   59.28    -8.6   -14.6   -11.6   -12.1     0.0     2.63 C   -12.5   -18.6   -16.3    40.2    22.7    32.1 -99.000 -99.000 -99.000 -99.000 -99.000 -9999.0 -9999.0 -9999.0 -9999.0 -9999.0
23583 20240123  2.514 -158.61   59.28   -10.6   -16.1   -13.3   -13.8     0.0     2.63 C   -13.7   -19.5   -17.5    47.9    31.6    40.3 -99.000 -99.000 -99.000 -99.000 -99.000 -9999.0 -9999.0 -9999.0 -9999.0 -9999.0
23583 20240124  2.514 -158.61   59.28   -11.3   -18.0   -14.6   -15.0     0.0     2.52 C   -14.9   -22.1   -19.1    69.9    43.3    53.7 -99.000 -99.000 -99.000 -99.000 -99.000 -9999.0 -9999.0 -9999.0 -9999.0 -9999.0
23583 20240125  2.514 -158.61   59.28   -11.2   -16.9   -14.1   -15.0     0.0     2.79 C   -13.9   -19.8   -18.0    62.8    46.4    56.1 -99.000 -99.000 -99.000 -99.000 -99.000 -9999.0 -9999.0 -9999.0 -9999.0 -9999.0
23583 20240126  2.514 -158.61   59.28   -15.8   -21.2   -18.5   -17.9     0.0     2.98 C   -18.3   -25.5   -21.6    61.3    35.0    46.8 -99.000 -99.000 -99.000 -99.000 -99.000 -9999.0 -9999.0 -9999.0 -9999.0 -9999.0
23583 20240127  2.514 -158.61   59.28   -20.6   -26.5   -23.5   -23.4     0.0     3.11 C   -22.3   -30.4   -26.6    59.9    41.3    51.7 -99.000 -99.000 -99.000 -99.000 -99.000 -9999.0 -9999.0 -9999.0 -9999.0 -9999.0
23583 20240128  2.514 -158.61   59.28   -22.3   -28.4   -25.4   -25.8     0.0     3.22 C   -24.0   -32.5   -29.4    61.9    40.8    52.4 -99.000 -99.000 -99.000 -99.000 -99.000 -9999.0 -9999.0 -9999.0 -9999.0 -9999.0
23583 20240129  2.514 -158.61   59.28   -21.3   -32.7   -27.0   -27.3     0.0     3.32 C   -24.7   -35.6   -31.2    77.4    43.9    64.0 -99.000 -99.000 -99.000 -99.000 -99.000 -9999.0 -9999.0 -9999.0 -9999.0 -9999.0
23583 20240130  2.514 -158.61   59.28   -21.9   -31.9   -26.9   -26.3     0.0     3.36 C   -22.4   -35.1   -29.0    78.5    51.3    64.5 -99.000 -99.000 -99.000 -99.000 -99.000 -9999.0 -9999.0 -9999.0 -9999.0 -9999.0
23583 20240131  2.514 -158.61   59.28   -17.2   -26.6   -21.9   -21.5     3.5     1.74 C   -15.7   -32.3   -21.4    80.8    64.1    75.0 -99.000 -99.000 -99.000 -99.000 -99.000 -9999.0 -9999.0 -9999.0 -9999.0 -9999.0
23583 20240201  2.514 -158.61   59.28   -16.2   -26.4   -21.3   -19.8     0.2     3.54 C   -17.7   -31.4   -23.1    81.9    65.0    72.7 -99.000 -99.000 -99.000 -99.000 -99.000 -9999.0 -9999.0 -9999.0 -9999.0 -9999.0
23583 20240202  2.514 -158.61   59.28   -18.4   -22.0   -20.2   -20.3     0.0     2.23 C   -17.0   -23.2   -20.3    67.7    48.3    57.7 -99.000 -99.000 -99.000 -99.000 -99.000 -9999.0 -9999.0 -9999.0 -9999.0 -9999.0
23583 20240203  2.514 -158.61   59.28   -11.0   -21.8   -16.4   -17.3    20.1     0.43 C   -11.2   -21.6   -16.7    83.6    46.1    67.4 -99.000 -99.000 -99.000 -99.000 -99.000 -9999.0 -9999.0 -9999.0 -9999.0 -9999.0
23583 20240204  2.514 -158.61   59.28    -6.2   -12.1    -9.1    -9.7     2.7     1.61 C    -6.3   -13.8    -9.4    93.3    73.7    83.7 -99.000 -99.000 -99.000 -99.000 -99.000 -9999.0 -9999.0 -9999.0 -9999.0 -9999.0
23583 20240205  2.514 -158.61   59.28     0.3    -6.7    -3.2    -2.9    23.9     1.41 C     0.0    -6.7    -3.7    96.2    84.1    90.6 -99.000 -99.000 -99.000 -99.000 -99.000 -9999.0 -9999.0 -9999.0 -9999.0 -9999.0
23583 20240206  2.514 -158.61   59.28     4.3    -2.5     0.9     0.3     9.7     0.84 C     0.3    -8.5    -2.1    96.9    37.0    83.9 -99.000 -99.000 -99.000 -99.000 -99.000 -9999.0 -9999.0 -9999.0 -9999.0 -9999.0
23583 20240207  2.514 -158.61   59.28     1.1    -3.2    -1.1     0.0     3.4     1.00 C     0.2    -6.2    -1.2    95.3    75.3    88.1 -99.000 -99.000 -99.000 -99.000 -99.000 -9999.0 -9999.0 -9999.0 -9999.0 -9999.0
23583 20240208  2.514 -158.61   59.28     2.8    -2.8     0.0    -0.3     2.6     1.60 C     0.9    -7.4    -2.1    96.2    66.5    84.4 -99.000 -99.000 -99.000 -99.000 -99.000 -9999.0 -9999.0 -9999.0 -9999.0 -9999.0
23583 20240209  2.514 -158.61   59.28     3.3     0.0     1.6     1.9    10.4     0.86 C     0.6    -0.4     0.2    97.4    67.6    83.4 -99.000 -99.000 -99.000 -99.000 -99.000 -9999.0 -9999.0 -9999.0 -9999.0 -9999.0
23583 20240210  2.514 -158.61   59.28     0.3    -2.1    -0.9    -0.5     5.9     0.82 C    -0.1    -4.7    -1.1    96.7    78.6    91.7 -99.000 -99.000 -99.000 -99.000 -99.000 -9999.0 -9999.0 -9999.0 -9999.0 -9999.0
23583 20240211  2.514 -158.61   59.28    -2.0   -12.1    -7.1    -6.0     0.3     2.38 C    -4.0   -18.8    -9.3    94.5    84.8    91.1 -99.000 -99.000 -99.000 -99.000 -99.000 -9999.0 -9999.0 -9999.0 -9999.0 -9999.0
23583 20240212  2.514 -158.61   59.28     3.9    -5.0    -0.5    -0.5    27.0     0.87 C     0.8    -6.9    -1.8    96.8    71.0    89.9 -99.000 -99.000 -99.000 -99.000 -99.000 -9999.0 -9999.0 -9999.0 -9999.0 -9999.0
23583 20240213  2.514 -158.61   59.28     3.3    -3.3     0.0     1.0    23.2     0.40 C     0.9    -3.6    -0.2    96.6    88.4    92.3 -99.000 -99.000 -99.000 -99.000 -99.000 -9999.0 -9999.0 -9999.0 -9999.0 -9999.0
23583 20240214  2.514 -158.61   59.28     0.3    -3.6    -1.6    -1.8    26.0     0.26 C    -0.1    -4.0    -2.0    98.2    88.5    94.4 -99.000 -99.000 -99.000 -99.000 -99.000 -9999.0 -9999.0 -9999.0 -9999.0 -9999.0
23583 20240215  2.514 -158.61   59.28     3.4     0.0     1.7     1.9    27.0     0.58 C     0.8    -0.1     0.2    98.3    79.0    89.3 -99.000 -99.000 -99.000 -99.000 -99.000 -9999.0 -9999.0 -9999.0 -9999.0 -9999.0
23583 20240216  2.514 -158.61   59.28     5.2     0.6     2.9     3.3     8.8     1.96 C     1.2    -0.1     0.5    94.9    56.6    74.1 -99.000 -99.000 -99.000 -99.000 -99.000 -9999.0 -9999.0 -9999.0 -9999.0 -9999.0
23583 20240217  2.514 -158.61   59.28     3.2     0.4     1.8     1.5    14.0     1.02 C     0.5    -0.1     0.1    95.1    71.1    87.8 -99.000 -99.000 -99.000 -99.000 -99.000 -9999.0 -9999.0 -9999.0 -9999.0 -9999.0
23583 20240218  2.514 -158.61   59.28     1.4    -0.4     0.5     0.5     4.2     1.57 C     0.4    -0.6     0.0    98.7    93.0    97.3 -99.000 -99.000 -99.000 -99.000 -99.000 -9999.0 -9999.0 -9999.0 -9999.0 -9999.0
23583 20240219  2.514 -158.61   59.28     0.6    -1.6    -0.5    -0.4    16.9     2.91 C     0.4    -2.0    -0.8    98.4    85.3    95.0 -99.000 -99.000 -99.000 -99.000 -99.000 -9999.0 -9999.0 -9999.0 -9999.0 -9999.0
23583 20240220  2.514 -158.61   59.28    -1.2   -10.4    -5.8    -3.3     3.8     4.09 C    -1.8   -18.1    -6.8    96.2    59.0    80.5 -99.000 -99.000 -99.000 -99.000 -99.000 -9999.0 -9999.0 -9999.0 -9999.0 -9999.0
23583 20240221  2.514 -158.61   59.28     1.1    -6.6    -2.7    -1.1     9.2     1.76 C     0.4    -8.3    -2.2    95.9    71.7    89.5 -99.000 -99.000 -99.000 -99.000 -99.000 -9999.0 -9999.0 -9999.0 -9999.0 -9999.0
23583 20240222  2.514 -158.61   59.28     0.1    -4.6    -2.2    -2.1     2.0     3.21 C    -0.3    -8.0    -4.2    94.1    75.1    88.3 -99.000 -99.000 -99.000 -99.000 -99.000 -9999.0 -9999.0 -9999.0 -9999.0 -9999.0
23583 20240223  2.514 -158.61   59.28     0.0    -4.7    -2.4    -1.6     2.1     3.76 C     0.0   -11.9    -3.8    96.2    78.5    91.9 -99.000 -99.000 -99.000 -99.000 -99.000 -9999.0 -9999.0 -9999.0 -9999.0 -9999.0
23583 20240224  2.514 -158.61   59.28    -1.9   -11.3    -6.6    -4.5     0.0     7.61 C    -3.6   -19.5    -9.6    93.8    50.8    71.9 -99.000 -99.000 -99.000 -99.000 -99.000 -9999.0 -9999.0 -9999.0 -9999.0 -9999.0
23583 20240225  2.514 -158.61   59.28    -5.5   -13.8    -9.7    -8.9     0.0     5.07 C    -6.4   -20.8   -12.0    90.7    68.3    81.3 -99.000 -99.000 -99.000 -99.000 -99.000 -9999.0 -9999.0 -9999.0 -9999.0 -9999.0
23583 20240226  2.514 -158.61   59.28    -5.8   -10.3    -8.1    -8.1    11.6     3.77 C    -4.7   -10.4    -8.4    87.0    75.5    82.4 -99.000 -99.000 -99.000 -99.000 -99.000 -9999.0 -9999.0 -9999.0 -9999.0 -9999.0
23583 20240227  2.514 -158.61   59.28    -5.2   -14.3    -9.8    -8.5     0.0     8.12 C    -7.0   -24.5   -12.2    84.8    34.2    58.7 -99.000 -99.000 -99.000 -99.000 -99.000 -9999.0 -9999.0 -9999.0 -9999.0 -9999.0
23583 20240228  2.514 -158.61   59.28    -7.7   -18.3   -13.0   -13.0     0.0     7.29 C   -10.1   -27.7   -18.9    76.5    48.1    56.2 -99.000 -99.000 -99.000 -99.000 -99.000 -9999.0 -9999.0 -9999.0 -9999.0 -9999.0
23583 20240229  2.514 -158.61   59.28   -11.3   -21.3   -16.3   -16.5     0.0     8.93 C   -13.4   -30.4   -22.8    70.7    33.6    50.6 -99.000 -99.000 -99.000 -99.000 -99.000 -9999.0 -9999.0 -9999.0 -9999.0 -9999.0
23583 20240301  2.514 -158.61   59.28    -9.4   -24.6   -17.0   -15.6     0.0     9.17 C   -12.0   -33.1   -21.5    70.6    27.8    43.3 -99.000 -99.000 -99.000 -99.000 -99.000 -9999.0 -9999.0 -9999.0 -9999.0 -9999.0
23583 20240302  2.514 -158.61   59.28   -12.1   -17.8   -15.0   -14.2     0.0     5.93 C   -11.6   -22.5   -16.2    64.1    37.9    43.9 -99.000 -99.000 -99.000 -99.000 -99.000 -9999.0 -9999.0 -9999.0 -9999.0 -9999.0
23583 20240303  2.514 -158.61   59.28    -1.8   -13.3    -7.5    -7.8     7.0     2.50 C    -2.4   -13.2    -7.8    93.8    66.6    87.1 -99.000 -99.000 -99.000 -99.000 -99.000 -9999.0 -9999.0 -9999.0 -9999.0 -9999.0
23583 20240304  2.514 -158.61   59.28     1.6    -5.6    -2.0    -1.5    10.8     8.59 C     0.6   -12.3    -3.2    97.7    65.0    89.8 -99.000 -99.000 -99.000 -99.000 -99.000 -9999.0 -9999.0 -9999.0 -9999.0 -9999.0
23583 20240305  2.514 -158.61   59.28     1.2    -8.0    -3.4    -3.2     0.0     7.23 C     0.2   -16.3    -6.1    94.9    65.1    85.4 -99.000 -99.000 -99.000 -99.000 -99.000 -9999.0 -9999.0 -9999.0 -9999.0 -9999.0
23583 20240306  2.514 -158.61   59.28    -3.5   -15.2    -9.4    -8.6     0.0     4.83 C    -2.8   -20.4   -10.4    94.3    80.8    88.4 -99.000 -99.000 -99.000 -99.000 -99.000 -9999.0 -9999.0 -9999.0 -9999.0 -9999.0
23583 20240307  2.514 -158.61   59.28    -1.6    -8.7    -5.2    -4.7     0.2     7.94 C    -0.7   -14.2    -6.7    92.8    58.3    76.0 -99.000 -99.000 -99.000 -99.000 -99.000 -9999.0 -9999.0 -9999.0 -9999.0 -9999.0
23583 20240308  2.514 -158.61   59.28    -4.4   -17.5   -10.9    -9.7     0.0    10.68 C    -5.6   -23.0   -14.7    90.7    53.0    71.4 -99.000 -99.000 -99.000 -99.000 -99.000 -9999.0 -9999.0 -9999.0 -9999.0 -9999.0
23583 20240309  2.514 -158.61   59.28    -8.4   -25.7   -17.1   -15.9     0.0    11.12 C    -9.0   -30.3   -20.8    88.7    43.6    65.8 -99.000 -99.000 -99.000 -99.000 -99.000 -9999.0 -9999.0 -9999.0 -9999.0 -9999.0
23583 20240310  2.514 -158.61   59.28    -8.8   -24.0   -16.4   -15.6     0.0    11.32 C    -9.9   -31.4   -20.8    82.2    32.5    52.7 -99.000 -99.000 -99.000 -99.000 -99.000 -9999.0 -9999.0 -9999.0 -9999.0 -9999.0
23583 20240311  2.514 -158.61   59.28   -12.8   -27.3   -20.0   -19.0     0.0    11.50 C   -13.3   -35.0   -24.6    75.4    36.8    54.0 -99.000 -99.000 -99.000 -99.000 -99.000 -9999.0 -9999.0 -9999.0 -9999.0 -9999.0
23583 20240312  2.514 -158.61   59.28   -10.1   -30.5   -20.3   -19.2     0.0    11.66 C   -10.9   -34.4   -22.7    79.5    38.5    59.1 -99.000 -99.000 -99.000 -99.000 -99.000 -9999.0 -9999.0 -9999.0 -9999.0 -9999.0
23583 20240313  2.514 -158.61   59.28    -9.4   -20.0   -14.7   -13.2     0.0     7.97 C    -7.6   -25.8   -14.5    74.7    45.6    60.0 -99.000 -99.000 -99.000 -99.000 -99.000 -9999.0 -9999.0 -9999.0 -9999.0 -9999.0
23583 20240314  2.514 -158.61   59.28    -5.1   -11.9    -8.5    -9.1     0.0    11.31 C    -5.4   -17.9   -11.0    78.3    58.6    69.5 -99.000 -99.000 -99.000 -99.000 -99.000 -9999.0 -9999.0 -9999.0 -9999.0 -9999.0
23583 20240315  2.514 -158.61   59.28    -4.6   -13.5    -9.0    -9.3     0.0    13.05 C    -2.6   -16.9   -11.8    70.5    43.2    55.4 -99.000 -99.000 -99.000 -99.000 -99.000 -9999.0 -9999.0 -9999.0 -9999.0 -9999.0
23583 20240316  2.514 -158.61   59.28    -5.1   -14.4    -9.7    -9.2     0.0    10.00 C    -3.0   -21.3   -11.8    73.4    44.6    56.5 -99.000 -99.000 -99.000 -99.000 -99.000 -9999.0 -9999.0 -9999.0 -9999.0 -9999.0
23583 20240317  2.514 -158.61   59.28    -5.2   -17.4   -11.3   -12.2     0.0    10.97 C    -3.7   -22.2   -13.2    90.2    56.4    75.6 -99.000 -99.000 -99.000 -99.000 -99.000 -9999.0 -9999.0 -9999.0 -9999.0 -9999.0
23583 20240318  2.514 -158.61   59.28    -5.7   -22.6   -14.1   -11.9     0.0     9.18 C    -5.4   -26.5   -14.8    90.0    58.7    74.5 -99.000 -99.000 -99.000 -99.000 -99.000 -9999.0 -9999.0 -9999.0 -9999.0 -9999.0
23583 20240319  2.514 -158.61   59.28     2.6    -6.5    -2.0    -0.5     0.3     5.69 C     0.5    -9.0    -2.2    82.6    62.4    69.9 -99.000 -99.000 -99.000 -99.000 -99.000 -9999.0 -9999.0 -9999.0 -9999.0 -9999.0
23583 20240320  2.514 -158.61   59.28     3.6     0.0     1.8     1.8     0.5     8.21 C     1.5    -2.6     0.2    94.7    73.8    86.1 -99.000 -99.000 -99.000 -99.000 -99.000 -9999.0 -9999.0 -9999.0 -9999.0 -9999.0
23583 20240321  2.514 -158.61   59.28     3.8     0.9     2.3     2.2     0.0     5.48 C     1.2    -0.8     0.3    89.6    74.2    83.8 -99.000 -99.000 -99.000 -99.000 -99.000 -9999.0 -9999.0 -9999.0 -9999.0 -9999.0
23583 20240322  2.514 -158.61   59.28     2.8    -0.8     1.0     0.7     3.8     8.69 C     1.5    -1.8     0.1    94.4    72.2    85.4 -99.000 -99.000 -99.000 -99.000 -99.000 -9999.0 -9999.0 -9999.0 -9999.0 -9999.0
23583 20240323  2.514 -158.61   59.28     4.3     0.6     2.5     2.7    30.0     2.93 C     0.9    -0.1     0.4    94.0    70.7    83.9 -99.000 -99.000 -99.000 -99.000 -99.000 -9999.0 -9999.0 -9999.0 -9999.0 -9999.0
23583 20240324  2.514 -158.61   59.28     3.2     0.8     2.0     1.9    20.5     3.90 C     1.2     0.0     0.4    96.4    83.7    92.7 -99.000 -99.000 -99.000 -99.000 -99.000 -9999.0 -9999.0 -9999.0 -9999.0 -9999.0
23583 20240325  2.514 -158.61   59.28     3.2    -1.2     1.0     1.3     2.5     6.86 C     1.5    -1.0     0.4    98.0    88.8    95.0 -99.000 -99.000 -99.000 -99.000 -99.000 -9999.0 -9999.0 -9999.0 -9999.0 -9999.0
23583 20240326  2.514 -158.61   59.28    -1.2    -9.1    -5.1    -4.3     0.8     6.40 C    -1.0   -14.7    -5.0    95.2    72.4    83.3 -99.000 -99.000 -99.000 -99.000 -99.000 -9999.0 -9999.0 -9999.0 -9999.0 -9999.0
23583 20240327  2.514 -158.61   59.28    -1.4   -13.9    -7.7    -7.0     0.0    15.32 C    -1.3   -18.2   -10.4    89.2    50.2    70.8 -99.000 -99.000 -99.000 -99.000 -99.000 -9999.0 -9999.0 -9999.0 -9999.0 -9999.0
23583 20240328  2.514 -158.61   59.28     0.2   -13.2    -6.5    -5.2     1.3    13.57 C    -0.3   -18.1    -8.1    91.0    45.3    71.0 -99.000 -99.000 -99.000 -99.000 -99.000 -9999.0 -9999.0 -9999.0 -9999.0 -9999.0
23583 20240329  2.514 -158.61   59.28     1.8    -1.1     0.3     0.4    16.2     4.66 C     0.5    -1.7    -0.4    96.1    58.8    87.0 -99.000 -99.000 -99.000 -99.000 -99.000 -9999.0 -9999.0 -9999.0 -9999.0 -9999.0
23583 20240330  2.514 -158.61   59.28     0.9    -2.4    -0.7    -1.4     6.9     4.96 C     0.8    -4.1    -1.8    95.3    70.7    86.5 -99.000 -99.000 -99.000 -99.000 -99.000 -9999.0 -9999.0 -9999.0 -9999.0 -9999.0
23583 20240331  2.514 -158.61   59.28    -0.6    -5.8    -3.2    -2.5     2.5     8.17 C     0.4    -6.5    -3.0    92.5    65.8    83.3 -99.000 -99.000 -99.000 -99.000 -99.000 -9999.0 -9999.0 -9999.0 -9999.0 -9999.0
23583 20240401  2.514 -158.61   59.28    -5.8   -18.8   -12.3   -10.8     0.4    17.02 C    -6.5   -25.7   -13.3    82.2    32.5    52.0 -99.000 -99.000 -99.000 -99.000 -99.000 -9999.0 -9999.0 -9999.0 -9999.0 -9999.0
23583 20240402  2.514 -158.61   59.28    -8.8   -24.0   -16.4   -15.1     0.0    13.02 C    -6.9   -29.4   -16.8    86.3    35.2    57.5 -99.000 -99.000 -99.000 -99.000 -99.000 -9999.0 -9999.0 -9999.0 -9999.0 -9999.0
23583 20240403  2.514 -158.61   59.28     0.2   -10.2    -5.0    -5.5     3.1     9.22 C     0.7   -10.5    -5.0    96.4    53.9    76.7 -99.000 -99.000 -99.000 -99.000 -99.000 -9999.0 -9999.0 -9999.0 -9999.0 -9999.0
23583 20240404  2.514 -158.61   59.28     4.1    -3.1     0.5     1.5     0.3    13.27 C     2.3    -4.2    -0.1    98.1    53.1    77.1 -99.000 -99.000 -99.000 -99.000 -99.000 -9999.0 -9999.0 -9999.0 -9999.0 -9999.0
23583 20240405  2.514 -158.61   59.28     3.2    -4.4    -0.6     0.2     0.0    15.99 C     2.3    -7.5    -1.7    92.1    59.6    78.3 -99.000 -99.000 -99.000 -99.000 -99.000 -9999.0 -9999.0 -9999.0 -9999.0 -9999.0
23583 20240406  2.514 -158.61   59.28     3.0    -5.6    -1.3    -1.5     0.0    14.55 C     1.4    -8.5    -2.8    96.6    48.8    75.7 -99.000 -99.000 -99.000 -99.000 -99.000 -9999.0 -9999.0 -9999.0 -9999.0 -9999.0
23583 20240407  2.514 -158.61   59.28     4.4    -3.8     0.3     0.2     0.2    15.93 C     2.2    -7.8    -2.1    85.2    44.2    63.5 -99.000 -99.000 -99.000 -99.000 -99.000 -9999.0 -9999.0 -9999.0 -9999.0 -9999.0
23583 20240408  2.514 -158.61   59.28    -2.4   -10.7    -6.6    -5.9     1.9     9.01 C    -4.1   -14.6    -7.0    87.8    56.5    69.8 -99.000 -99.000 -99.000 -99.000 -99.000 -9999.0 -9999.0 -9999.0 -9999.0 -9999.0
23583 20240409  2.514 -158.61   59.28    -4.2   -12.6    -8.4    -8.5     0.2    14.66 C    -1.9   -17.8   -11.4    76.2    46.0    58.6 -99.000 -99.000 -99.000 -99.000 -99.000 -9999.0 -9999.0 -9999.0 -9999.0 -9999.0
23583 20240410  2.514 -158.61   59.28    -0.8   -16.5    -8.7    -8.3     7.9     8.68 C    -1.2   -20.4    -9.9    95.1    58.0    81.5 -99.000 -99.000 -99.000 -99.000 -99.000 -9999.0 -9999.0 -9999.0 -9999.0 -9999.0
23583 20240411  2.514 -158.61   59.28     2.9    -0.8     1.1     1.2     2.4     7.29 C     1.0    -1.2     0.1    96.2    76.7    89.0 -99.000 -99.000 -99.000 -99.000 -99.000 -9999.0 -9999.0 -9999.0 -9999.0 -9999.0
23583 20240412  2.514 -158.61   59.28     1.2    -7.1    -2.9    -1.7     0.0    15.56 C     1.2   -12.4    -3.5    82.3    49.1    64.2 -99.000 -99.000 -99.000 -99.000 -99.000 -9999.0 -9999.0 -9999.0 -9999.0 -9999.0
23583 20240413  2.514 -158.61   59.28     1.7   -12.6    -5.4    -4.4     0.0    19.80 C     0.9   -18.0    -8.1    79.1    30.9    51.2 -99.000 -99.000 -99.000 -99.000 -99.000 -9999.0 -9999.0 -9999.0 -9999.0 -9999.0
23583 20240414  2.514 -158.61   59.28     1.9    -9.3    -3.7    -2.1     0.0     8.98 C     1.6   -14.5    -4.2    82.4    57.5    68.9 -99.000 -99.000 -99.000 -99.000 -99.000 -9999.0 -9999.0 -9999.0 -9999.0 -9999.0
23583 20240415  2.514 -158.61   59.28     3.5    -7.8    -2.2    -1.2     0.6    15.60 C     1.5   -13.9    -3.9    95.7    66.7    79.9 -99.000 -99.000 -99.000 -99.000 -99.000 -9999.0 -9999.0 -9999.0 -9999.0 -9999.0
23583 20240416  2.514 -158.61   59.28     4.9     0.2     2.5     2.1     6.8     7.20 C     1.4    -0.2     0.3    96.0    51.9    78.1 -99.000 -99.000 -99.000 -99.000 -99.000 -9999.0 -9999.0 -9999.0 -9999.0 -9999.0
23583 20240417  2.514 -158.61   59.28     5.1     1.0     3.1     2.7    20.4     2.67 C     1.1     0.0     0.4    90.9    66.8    80.9 -99.000 -99.000 -99.000 -99.000 -99.000 -9999.0 -9999.0 -9999.0 -9999.0 -9999.0
23583 20240418  2.514 -158.61   59.28     5.5     1.9     3.7     4.2    10.8     3.28 C     1.1     0.3     0.7    95.4    66.2    77.5 -99.000 -99.000 -99.000 -99.000 -99.000 -9999.0 -9999.0 -9999.0 -9999.0 -9999.0
23583 20240419  2.514 -158.61   59.28     6.4     4.0     5.2     5.2     1.7     5.68 C     1.4     0.5     0.9    79.7    56.4    66.7 -99.000 -99.000 -99.000 -99.000 -99.000 -9999.0 -9999.0 -9999.0 -9999.0 -9999.0
23583 20240420  2.514 -158.61   59.28     7.2     2.0     4.6     3.8     6.3     6.20 C     1.8     0.3     0.7    94.4    54.1    79.3 -99.000 -99.000 -99.000 -99.000 -99.000 -9999.0 -9999.0 -9999.0 -9999.0 -9999.0
23583 20240421  2.514 -158.61   59.28     3.9     0.6     2.3     2.6     3.8     8.15 C     1.7     0.0     0.7    98.0    86.5    93.6 -99.000 -99.000 -99.000 -99.000 -99.000 -9999.0 -9999.0 -9999.0 -9999.0 -9999.0
23583 20240422  2.514 -158.61   59.28     4.1    -0.9     1.6     1.0     1.6    10.00 C     2.2    -2.0     0.1    97.2    75.0    90.1 -99.000 -99.000 -99.000 -99.000 -99.000 -9999.0 -9999.0 -9999.0 -9999.0 -9999.0
23583 20240423  2.514 -158.61   59.28     6.9    -0.3     3.3     3.7     3.7    11.00 C     2.2    -3.2     0.6    96.0    60.1    78.9 -99.000 -99.000 -99.000 -99.000 -99.000 -9999.0 -9999.0 -9999.0 -9999.0 -9999.0
23583 20240424  2.514 -158.61   59.28     4.5     2.6     3.5     3.5    17.7     5.97 C     1.8     0.6     0.9    96.1    88.4    93.1 -99.000 -99.000 -99.000 -99.000 -99.000 -9999.0 -9999.0 -9999.0 -9999.0 -9999.0
23583 20240425  2.514 -158.61   59.28     4.5     1.5     3.0     3.2     3.2     7.89 C     1.7     0.1     0.8    95.7    79.5    90.4 -99.000 -99.000 -99.000 -99.000 -99.000 -9999.0 -9999.0 -9999.0 -9999.0 -9999.0
23583 20240426  2.514 -158.61   59.28     6.9     1.5     4.2     3.2     5.2     9.87 C     2.6     0.1     0.9    93.9    59.3    84.2 -99.000 -99.000 -99.000 -99.000 -99.000 -9999.0 -9999.0 -9999.0 -9999.0 -9999.0
23583 20240427  2.514 -158.61   59.28    10.0     1.5     5.8     5.6     2.9    20.56 C     4.7    -2.0     1.6    95.4    44.2    70.1 -99.000 -99.000 -99.000 -99.000 -99.000 -9999.0 -9999.0 -9999.0 -9999.0 -9999.0
23583 20240428  2.514 -158.61   59.28    11.9    -2.4     4.7     4.4     0.0    17.96 C     7.0    -5.1     0.6    96.5    34.3    70.3 -99.000 -99.000 -99.000 -99.000 -99.000 -9999.0 -9999.0 -9999.0 -9999.0 -9999.0
23583 20240429  2.514 -158.61   59.28     7.8    -2.5     2.7     1.9     0.0    20.93 C     6.5    -2.4     1.3    98.4    58.4    83.1 -99.000 -99.000 -99.000 -99.000 -99.000 -9999.0 -9999.0 -9999.0 -9999.0 -9999.0
23583 20240430  2.514 -158.61   59.28     6.2    -1.5     2.3     2.3     1.0    10.64 C     5.6    -2.3     1.0    97.6    68.2    85.7 -99.000 -99.000 -99.000 -99.000 -99.000 -9999.0 -9999.0 -9999.0 -9999.0 -9999.0
23583 20240501  2.514 -158.61   59.28     6.7     1.7     4.2     4.3     3.1     7.75 C     4.1     0.4     2.0    90.7    69.9    80.6 -99.000 -99.000 -99.000 -99.000 -99.000 -9999.0 -9999.0 -9999.0 -9999.0 -9999.0
23583 20240502  2.514 -158.61   59.28     8.6     3.3     5.9     5.4     0.0     9.61 C     7.4     1.1     3.0    87.1    56.5    72.0 -99.000 -99.000 -99.000 -99.000 -99.000 -9999.0 -9999.0 -9999.0 -9999.0 -9999.0
23583 20240503  2.514 -158.61   59.28     5.5     1.8     3.6     4.1    13.4     4.72 C     5.8     1.2     2.9    96.9    71.7    84.2 -99.000 -99.000 -99.000 -99.000 -99.000 -9999.0 -9999.0 -9999.0 -9999.0 -9999.0
23583 20240504  2.514 -158.61   59.28     6.3     1.3     3.8     3.2     0.2    13.93 C    15.0     0.4     4.7    97.7    61.8    84.6 -99.000 -99.000 -99.000 -99.000 -99.000 -9999.0 -9999.0 -9999.0 -9999.0 -9999.0
23583 20240505  2.514 -158.61   59.28     9.5     0.7     5.1     5.4     0.0    21.77 C    17.3    -1.7     6.6    93.2    48.4    68.8 -99.000 -99.000 -99.000 -99.000 -99.000 -9999.0 -9999.0 -9999.0 -9999.0 -9999.0
23583 20240506  2.514 -158.61   59.28     6.8    -2.0     2.4     2.0     0.0    15.00 C    16.7    -3.4     3.5    91.9    57.1    72.6 -99.000 -99.000 -99.000 -99.000 -99.000 -9999.0 -9999.0 -9999.0 -9999.0 -9999.0
23583 20240507  2.514 -158.61   59.28     3.1    -2.2     0.4     0.0     0.0    12.72 C    11.6    -1.8     2.3    83.1    60.8    70.6 -99.000 -99.000 -99.000 -99.000 -99.000 -9999.0 -9999.0 -9999.0 -9999.0 -9999.0
23583 20240508  2.514 -158.61   59.28     1.3    -3.8    -1.2    -1.4     0.0    12.02 C     9.3    -4.4     0.3    81.2    46.3    62.3 -99.000 -99.000 -99.000 -99.000 -99.000 -9999.0 -9999.0 -9999.0 -9999.0 -9999.0
23583 20240509  2.514 -158.61   59.28     5.2    -5.6    -0.2     0.3     0.0    25.33 C    15.6    -6.6     3.2    83.9    37.6    55.6 -99.000 -99.000 -99.000 -99.000 -99.000 -9999.0 -9999.0 -9999.0 -9999.0 -9999.0
23583 20240510  2.514 -158.61   59.28     4.3    -1.3     1.5     1.6     5.8     4.67 C     4.3    -2.4     1.0    91.5    49.1    75.4 -99.000 -99.000 -99.000 -99.000 -99.000 -9999.0 -9999.0 -9999.0 -9999.0 -9999.0
23583 20240511  2.514 -158.61   59.28     8.1    -0.5     3.8     4.0     9.3    19.97 C    19.3    -2.3     6.4    95.6    54.7    80.3 -99.000 -99.000 -99.000 -99.000 -99.000 -9999.0 -9999.0 -9999.0 -9999.0 -9999.0
23583 20240512  2.514 -158.61   59.28     9.9    -2.3     3.8     4.2     0.0    18.35 C    20.2    -3.3     6.2    94.3    47.4    75.5 -99.000 -99.000 -99.000 -99.000 -99.000 -9999.0 -9999.0 -9999.0 -9999.0 -9999.0
23583 20240513  2.514 -158.61   59.28    11.7    -1.2     5.2     5.6     0.0    24.47 C    21.7    -2.3     7.7    95.7    40.5    67.1 -99.000 -99.000 -99.000 -99.000 -99.000 -9999.0 -9999.0 -9999.0 -9999.0 -9999.0
23583 20240514  2.514 -158.61   59.28     8.2    -0.7     3.7     2.8     0.0    24.92 C    19.4    -2.7     5.7    79.4    45.6    61.8 -99.000 -99.000 -99.000 -99.000 -99.000 -9999.0 -9999.0 -9999.0 -9999.0 -9999.0
23583 20240515  2.514 -158.61   59.28     4.7    -1.1     1.8     2.4     5.5     6.38 C     6.8    -2.1     3.1    96.0    77.9    88.7 -99.000 -99.000 -99.000 -99.000 -99.000 -9999.0 -9999.0 -9999.0 -9999.0 -9999.0
23583 20240516  2.514 -158.61   59.28     8.1     2.4     5.2     4.8     2.5    16.24 C    18.7    -1.2     7.5    97.6    56.8    80.6 -99.000 -99.000 -99.000 -99.000 -99.000 -9999.0 -9999.0 -9999.0 -9999.0 -9999.0
23583 20240517  2.514 -158.61   59.28     6.7    -2.6     2.1     2.9     0.0    21.21 C    17.8    -3.9     5.2    94.4    47.4    68.3 -99.000 -99.000 -99.000 -99.000 -99.000 -9999.0 -9999.0 -9999.0 -9999.0 -9999.0
23583 20240518  2.514 -158.61   59.28     6.1     0.0     3.1     3.9    13.8     6.48 C     9.3    -1.1     4.3    96.1    62.4    82.1 -99.000 -99.000 -99.000 -99.000 -99.000 -9999.0 -9999.0 -9999.0 -9999.0 -9999.0
23583 20240519  2.514 -158.61   59.28    10.6     1.9     6.2     5.6     1.0    22.64 C    21.4     0.6     9.6    98.0    52.4    79.2 -99.000 -99.000 -99.000 -99.000 -99.000 -9999.0 -9999.0 -9999.0 -9999.0 -9999.0
23583 20240520  2.514 -158.61   59.28    10.1    -0.4     4.8     4.0     2.1     8.91 C    14.0    -1.1     5.4    94.8    49.1    81.9 -99.000 -99.000 -99.000 -99.000 -99.000 -9999.0 -9999.0 -9999.0 -9999.0 -9999.0
23583 20240521  2.514 -158.61   59.28     8.9     3.2     6.0     5.2    24.6     8.63 C    16.0     3.5     6.8    95.5    59.0    85.4 -99.000 -99.000 -99.000 -99.000 -99.000 -9999.0 -9999.0 -9999.0 -9999.0 -9999.0
23583 20240522  2.514 -158.61   59.28     7.1     2.3     4.7     4.0     3.3    10.09 C    16.4     1.6     5.7    94.5    69.1    84.5 -99.000 -99.000 -99.000 -99.000 -99.000 -9999.0 -9999.0 -9999.0 -9999.0 -9999.0
23583 20240523  2.514 -158.61   59.28     6.3    -1.7     2.3     3.1     1.1     9.37 C    14.6    -2.7     4.6    97.0    67.6    82.4 -99.000 -99.000 -99.000 -99.000 -99.000 -9999.0 -9999.0 -9999.0 -9999.0 -9999.0
23583 20240524  2.514 -158.61   59.28     6.0     1.9     4.0     4.1     0.9     8.94 C    10.8     2.1     5.9    98.5    75.1    89.6 -99.000 -99.000 -99.000 -99.000 -99.000 -9999.0 -9999.0 -9999.0 -9999.0 -9999.0
23583 20240525  2.514 -158.61   59.28    11.8    -0.2     5.8     6.1     0.0    18.72 C    22.4    -0.7     8.8    97.9    48.2    74.3 -99.000 -99.000 -99.000 -99.000 -99.000 -9999.0 -9999.0 -9999.0 -9999.0 -9999.0
23583 20240526  2.514 -158.61   59.28    16.4     3.0     9.7    10.8     0.0    27.34 C    24.4     0.1    11.9    91.1    26.5    53.5 -99.000 -99.000 -99.000 -99.000 -99.000 -9999.0 -9999.0 -9999.0 -9999.0 -9999.0
23583 20240527  2.514 -158.61   59.28    16.2    -0.2     8.0     9.1     0.0    26.11 C    25.6    -1.6    11.1    93.8    39.9    64.6 -99.000 -99.000 -99.000 -99.000 -99.000 -9999.0 -9999.0 -9999.0 -9999.0 -9999.0
23583 20240528  2.514 -158.61   59.28    13.3    -0.8     6.2     7.1     0.0    12.56 C    18.8    -0.9     8.4    98.8    51.3    77.1 -99.000 -99.000 -99.000 -99.000 -99.000 -9999.0 -9999.0 -9999.0 -9999.0 -9999.0
23583 20240529  2.514 -158.61   59.28     9.1     5.2     7.1     7.1     5.3     5.78 C    11.8     4.9     7.7    96.4    58.7    80.5 -99.000 -99.000 -99.000 -99.000 -99.000 -9999.0 -9999.0 -9999.0 -9999.0 -9999.0
23583 20240530  2.514 -158.61   59.28    14.1     5.0     9.5     9.0     1.0    12.49 C    20.9     4.8    10.1    91.4    45.2    69.2 -99.000 -99.000 -99.000 -99.000 -99.000 -9999.0 -9999.0 -9999.0 -9999.0 -9999.0
23583 20240531  2.514 -158.61   59.28    15.3     5.6    10.4     9.6     2.3    11.37 C    22.6     4.5    10.6    94.1    32.7    69.1 -99.000 -99.000 -99.000 -99.000 -99.000 -9999.0 -9999.0 -9999.0 -9999.0 -9999.0
23583 20240601  2.514 -158.61   59.28    13.1     5.9     9.5     9.3     5.5    11.74 C    19.8     4.8    10.4    94.0    55.1    79.0 -99.000 -99.000 -99.000 -99.000 -99.000 -9999.0 -9999.0 -9999.0 -9999.0 -9999.0
23583 20240602  2.514 -158.61   59.28    16.1     4.9    10.5    11.0     0.4    17.66 C    26.9     2.5    12.3    89.6    44.3    64.9 -99.000 -99.000 -99.000 -99.000 -99.000 -9999.0 -9999.0 -9999.0 -9999.0 -9999.0
23583 20240603  2.514 -158.61   59.28    17.9     3.0    10.4    11.1     0.2    16.85 C    24.3     1.1    12.7    92.1    33.8    61.9 -99.000 -99.000 -99.000 -99.000 -99.000 -9999.0 -9999.0 -9999.0 -9999.0 -9999.0
23583 20240604  2.514 -158.61   59.28    11.0     4.8     7.9     8.3     0.0    10.40 C    16.5     5.0     9.9    82.8    56.9    71.4 -99.000 -99.000 -99.000 -99.000 -99.000 -9999.0 -9999.0 -9999.0 -9999.0 -9999.0
23583 20240605  2.514 -158.61   59.28    10.2     3.7     6.9     6.3     0.9    13.67 C    19.0     4.3     9.1    97.1    54.3    77.5 -99.000 -99.000 -99.000 -99.000 -99.000 -9999.0 -9999.0 -9999.0 -9999.0 -9999.0
23583 20240606  2.514 -158.61   59.28    12.8    -0.8     6.0     7.3     0.0    16.25 C    18.3    -1.9     8.7    94.9    42.5    68.1 -99.000 -99.000 -99.000 -99.000 -99.000 -9999.0 -9999.0 -9999.0 -9999.0 -9999.0
23583 20240607  2.514 -158.61   59.28    11.6     6.0     8.8     8.7     1.6     7.54 C    13.3     6.0     8.9    95.1    50.0    69.8 -99.000 -99.000 -99.000 -99.000 -99.000 -9999.0 -9999.0 -9999.0 -9999.0 -9999.0
23583 20240608  2.514 -158.61   59.28    12.9     5.5     9.2     9.2     1.2     6.23 C    16.4     5.4     9.2    92.3    55.2    73.2 -99.000 -99.000 -99.000 -99.000 -99.000 -9999.0 -9999.0 -9999.0 -9999.0 -9999.0
23583 20240609  2.514 -158.61   59.28    13.3     9.4    11.4    11.8     0.0     6.56 C    13.0     7.8    10.4    75.5    47.5    58.3 -99.000 -99.000 -99.000 -99.000 -99.000 -9999.0 -9999.0 -9999.0 -9999.0 -9999.0
23583 20240610  2.514 -158.61   59.28    17.1     7.9    12.5    12.9     0.0    25.80 C    24.8     3.8    13.1    74.5    34.0    52.0 -99.000 -99.000 -99.000 -99.000 -99.000 -9999.0 -9999.0 -9999.0 -9999.0 -9999.0
23583 20240611  2.514 -158.61   59.28    17.5     6.0    11.8    11.5     2.8    15.91 C    25.6     2.5    12.8    93.0    40.8    67.5 -99.000 -99.000 -99.000 -99.000 -99.000 -9999.0 -9999.0 -9999.0 -9999.0 -9999.0
23583 20240612  2.514 -158.61   59.28    12.0     7.6     9.8     9.5     7.4     6.29 C    16.0     7.5    11.0    95.7    67.2    86.9 -99.000 -99.000 -99.000 -99.000 -99.000 -9999.0 -9999.0 -9999.0 -9999.0 -9999.0
23583 20240613  2.514 -158.61   59.28    16.6     3.6    10.1     9.8     0.0    23.90 C    27.0     3.0    13.1    98.3    33.9    71.3 -99.000 -99.000 -99.000 -99.000 -99.000 -9999.0 -9999.0 -9999.0 -9999.0 -9999.0
23583 20240614  2.514 -158.61   59.28    20.4     2.4    11.4    13.1     0.0    19.06 C    30.2     0.3    14.4    93.9    38.0    59.6 -99.000 -99.000 -99.000 -99.000 -99.000 -9999.0 -9999.0 -9999.0 -9999.0 -9999.0
23583 20240615  2.514 -158.61   59.28    24.2     8.0    16.1    17.5     0.0    26.67 C    33.1     4.7    18.3    79.2    23.7    47.3 -99.000 -99.000 -99.000 -99.000 -99.000 -9999.0 -9999.0 -9999.0 -9999.0 -9999.0
23583 20240616  2.514 -158.61   59.28    25.1     8.5    16.8    16.4     0.9    19.27 C    34.8     6.0    17.7    91.5    33.7    60.1 -99.000 -99.000 -99.000 -99.000 -99.000 -9999.0 -9999.0 -9999.0 -9999.0 -9999.0
23583 20240617  2.514 -158.61   59.28    18.5     7.8    13.2    12.7     0.0    25.02 C    28.9     6.1    14.9    95.6    36.2    67.5 -99.000 -99.000 -99.000 -99.000 -99.000 -9999.0 -9999.0 -9999.0 -9999.0 -9999.0
23583 20240618  2.514 -158.61   59.28    13.0     6.1     9.5     9.9     1.2     9.78 C    17.7     5.1    11.0    95.5    55.3    78.2 -99.000 -99.000 -99.000 -99.000 -99.000 -9999.0 -9999.0 -9999.0 -9999.0 -9999.0
23583 20240619  2.514 -158.61   59.28    13.3     8.3    10.8    10.5     1.6    10.57 C    18.5     7.9    11.8    89.3    58.1    77.0 -99.000 -99.000 -99.000 -99.000 -99.000 -9999.0 -9999.0 -9999.0 -9999.0 -9999.0
23583 20240620  2.514 -158.61   59.28    14.5     7.8    11.2    11.2     0.7     9.07 C    21.0     8.7    12.8    96.7    60.6    78.6 -99.000 -99.000 -99.000 -99.000 -99.000 -9999.0 -9999.0 -9999.0 -9999.0 -9999.0
23583 20240621  2.514 -158.61   59.28    20.5     8.5    14.5    14.1     0.0    21.34 C    29.3     7.6    16.6    83.4    34.9    60.6 -99.000 -99.000 -99.000 -99.000 -99.000 -9999.0 -9999.0 -9999.0 -9999.0 -9999.0
23583 20240622  2.514 -158.61   59.28    24.5     9.6    17.0    17.6     0.0    27.03 C    34.7     7.0    19.7    85.7    31.6    54.8 -99.000 -99.000 -99.000 -99.000 -99.000 -9999.0 -9999.0 -9999.0 -9999.0 -9999.0
23583 20240623  2.514 -158.61   59.28    21.1     9.3    15.2    14.8     0.4    15.21 C    33.0     6.7    16.3    94.2    47.3    71.2 -99.000 -99.000 -99.000 -99.000 -99.000 -9999.0 -9999.0 -9999.0 -9999.0 -9999.0
23583 20240624  2.514 -158.61   59.28    17.6     8.6    13.1    12.6     1.2    21.25 C    25.5     9.0    15.5    96.4    62.0    85.1 -99.000 -99.000 -99.000 -99.000 -99.000 -9999.0 -9999.0 -9999.0 -9999.0 -9999.0
23583 20240625  2.514 -158.61   59.28    19.7     7.3    13.5    13.6     0.0    22.76 C    25.8     7.5    15.2    98.1    49.4    74.7 -99.000 -99.000 -99.000 -99.000 -99.000 -9999.0 -9999.0 -9999.0 -9999.0 -9999.0
23583 20240626  2.514 -158.61   59.28    13.6    10.2    11.9    11.7     1.6     4.93 C    14.3     8.9    11.6    85.6    64.4    76.4 -99.000 -99.000 -99.000 -99.000 -99.000 -9999.0 -9999.0 -9999.0 -9999.0 -9999.0
23583 20240627  2.514 -158.61   59.28    14.2     9.8    12.0    11.8     0.6     4.42 C    16.6     9.3    11.9    89.1    66.8    77.5 -99.000 -99.000 -99.000 -99.000 -99.000 -9999.0 -9999.0 -9999.0 -9999.0 -9999.0
23583 20240628  2.514 -158.61   59.28    17.9     9.9    13.9    13.1     0.0    14.87 C    25.9     9.7    14.6    89.2    51.7    73.7 -99.000 -99.000 -99.000 -99.000 -99.000 -9999.0 -9999.0 -9999.0 -9999.0 -9999.0
23583 20240629  2.514 -158.61   59.28    15.8     9.5    12.6    12.8     2.0     8.34 C    20.9     8.9    14.1    95.3    60.4    78.8 -99.000 -99.000 -99.000 -99.000 -99.000 -9999.0 -9999.0 -9999.0 -9999.0 -9999.0
23583 20240630  2.514 -158.61   59.28    13.6    10.2    11.9    11.7    11.7     3.17 C    15.8    10.2    12.4    95.9    78.6    90.7 -99.000 -99.000 -99.000 -99.000 -99.000 -9999.0 -9999.0 -9999.0 -9999.0 -9999.0
23583 20240701  2.514 -158.61   59.28    13.9     7.8    10.8    10.6     2.3     8.86 C    22.9     5.3    12.5    97.3    65.8    86.1 -99.000 -99.000 -99.000 -99.000 -99.000 -9999.0 -9999.0 -9999.0 -9999.0 -9999.0
23583 20240702  2.514 -158.61   59.28    17.6     5.3    11.5    11.9     0.0    18.97 C    29.3     2.7    14.4    97.0    46.0    73.3 -99.000 -99.000 -99.000 -99.000 -99.000 -9999.0 -9999.0 -9999.0 -9999.0 -9999.0
23583 20240703  2.514 -158.61   59.28    20.1     5.3    12.7    13.3     0.0    22.58 C    30.9     3.1    15.0    97.3    38.2    68.8 -99.000 -99.000 -99.000 -99.000 -99.000 -9999.0 -9999.0 -9999.0 -9999.0 -9999.0
23583 20240704  2.514 -158.61   59.28    12.1     7.5     9.8     9.8     8.1     5.13 C    13.9     6.7    10.4    95.8    75.2    89.2 -99.000 -99.000 -99.000 -99.000 -99.000 -9999.0 -9999.0 -9999.0 -9999.0 -9999.0
23583 20240705  2.514 -158.61   59.28    15.2     9.1    12.2    11.7     0.3     9.67 C    20.5     9.3    13.6    96.8    81.7    90.4 -99.000 -99.000 -99.000 -99.000 -99.000 -9999.0 -9999.0 -9999.0 -9999.0 -9999.0
23583 20240706  2.514 -158.61   59.28    18.0     8.8    13.4    12.4     0.0    17.63 C    28.2     7.7    14.7    95.6    59.1    81.8 -99.000 -99.000 -99.000 -99.000 -99.000 -9999.0 -9999.0 -9999.0 -9999.0 -9999.0
23583 20240707  2.514 -158.61   59.28    13.9     6.5    10.2    10.2     0.0     8.69 C    20.5     5.9    12.3    97.9    73.7    86.6 -99.000 -99.000 -99.000 -99.000 -99.000 -9999.0 -9999.0 -9999.0 -9999.0 -9999.0
23583 20240708  2.514 -158.61   59.28    15.9     5.8    10.8    11.2     0.0    10.37 C    23.7     4.4    12.6    97.8    63.4    83.1 -99.000 -99.000 -99.000 -99.000 -99.000 -9999.0 -9999.0 -9999.0 -9999.0 -9999.0
23583 20240709  2.514 -158.61   59.28    12.1     8.3    10.2    10.3    13.7     4.69 C    14.3     7.7    11.0    95.4    88.0    92.6 -99.000 -99.000 -99.000 -99.000 -99.000 -9999.0 -9999.0 -9999.0 -9999.0 -9999.0
23583 20240710  2.514 -158.61   59.28    13.4    10.0    11.7    11.3    15.9    10.99 C    18.9    10.2    12.7    95.5    73.3    89.6 -99.000 -99.000 -99.000 -99.000 -99.000 -9999.0 -9999.0 -9999.0 -9999.0 -9999.0
23583 20240711  2.514 -158.61   59.28    14.4     9.7    12.1    11.8     5.0     9.82 C    20.1     9.6    13.1    95.8    67.4    84.7 -99.000 -99.000 -99.000 -99.000 -99.000 -9999.0 -9999.0 -9999.0 -9999.0 -9999.0
23583 20240712  2.514 -158.61   59.28    12.2     8.1    10.2    10.3    27.9     6.88 C    15.7     8.5    11.0    94.7    87.3    92.1 -99.000 -99.000 -99.000 -99.000 -99.000 -9999.0 -9999.0 -9999.0 -9999.0 -9999.0
23583 20240713  2.514 -158.61   59.28    10.2     5.2     7.7     8.4     1.7     8.01 C    16.8     4.8     9.7    96.1    67.5    87.4 -99.000 -99.000 -99.000 -99.000 -99.000 -9999.0 -9999.0 -9999.0 -9999.0 -9999.0
23583 20240714  2.514 -158.61   59.28    12.3     5.0     8.7     8.6     1.5    12.48 C    24.0     4.2    11.2    94.0    62.2    81.6 -99.000 -99.000 -99.000 -99.000 -99.000 -9999.0 -9999.0 -9999.0 -9999.0 -9999.0
23583 20240715  2.514 -158.61   59.28    12.2     7.4     9.8     9.6     0.0    14.35 C    19.3     7.0    12.1    93.8    66.4    82.8 -99.000 -99.000 -99.000 -99.000 -99.000 -9999.0 -9999.0 -9999.0 -9999.0 -9999.0
23583 20240716  2.514 -158.61   59.28    13.1     4.8     8.9     9.7     0.3    10.95 C    20.2     3.4    11.5    97.0    61.3    82.7 -99.000 -99.000 -99.000 -99.000 -99.000 -9999.0 -9999.0 -9999.0 -9999.0 -9999.0
23583 20240717  2.514 -158.61   59.28    14.1     7.2    10.6    10.2     6.2    14.31 C    26.2     7.4    12.8    96.2    64.8    85.8 -99.000 -99.000 -99.000 -99.000 -99.000 -9999.0 -9999.0 -9999.0 -9999.0 -9999.0
23583 20240718  2.514 -158.61   59.28    17.9     8.4    13.1    13.0     0.0    17.56 C    27.7     5.9    15.1    95.1    44.9    71.0 -99.000 -99.000 -99.000 -99.000 -99.000 -9999.0 -9999.0 -9999.0 -9999.0 -9999.0
23583 20240719  2.514 -158.61   59.28    21.6     6.3    14.0    14.4     0.0    26.62 C    30.3     3.3    16.5    93.3    30.2    62.5 -99.000 -99.000 -99.000 -99.000 -99.000 -9999.0 -9999.0 -9999.0 -9999.0 -9999.0
23583 20240720  2.514 -158.61   59.28    24.0     7.6    15.8    17.3     0.0    25.21 C    31.8     4.7    18.3    91.5    36.5    59.7 -99.000 -99.000 -99.000 -99.000 -99.000 -9999.0 -9999.0 -9999.0 -9999.0 -9999.0
23583 20240721  2.514 -158.61   59.28    27.2    11.1    19.1    19.3     0.0    22.90 C    34.3     8.1    19.9    86.4    30.5    57.3 -99.000 -99.000 -99.000 -99.000 -99.000 -9999.0 -9999.0 -9999.0 -9999.0 -9999.0
23583 20240722  2.514 -158.61   59.28    28.2    10.9    19.6    20.5     0.0    22.37 C    33.7     8.1    20.7    88.9    25.6    56.5 -99.000 -99.000 -99.000 -99.000 -99.000 -9999.0 -9999.0 -9999.0 -9999.0 -9999.0
23583 20240723  2.514 -158.61   59.28    28.2    10.9    19.5    20.4     0.0    24.13 C    34.1     8.5    21.5    95.2    36.9    64.5 -99.000 -99.000 -99.000 -99.000 -99.000 -9999.0 -9999.0 -9999.0 -9999.0 -9999.0
23583 20240724  2.514 -158.61   59.28    25.2    12.5    18.9    18.3     0.0    22.61 C    31.3    10.9    19.8    94.5    50.5    72.7 -99.000 -99.000 -99.000 -99.000 -99.000 -9999.0 -9999.0 -9999.0 -9999.0 -9999.0
23583 20240725  2.514 -158.61   59.28    15.1    12.2    13.6    13.6     9.8     5.49 C    17.9    11.8    14.4    94.8    82.6    91.6 -99.000 -99.000 -99.000 -99.000 -99.000 -9999.0 -9999.0 -9999.0 -9999.0 -9999.0
23583 20240726  2.514 -158.61   59.28    15.1     9.3    12.2    11.9     0.0    14.04 C    25.6     8.8    14.1    88.3    56.7    73.9 -99.000 -99.000 -99.000 -99.000 -99.000 -9999.0 -9999.0 -9999.0 -9999.0 -9999.0
23583 20240727  2.514 -158.61   59.28    14.2     9.3    11.8    11.3     0.0     9.59 C    19.7     9.6    13.6    93.3    66.5    74.9 -99.000 -99.000 -99.000 -99.000 -99.000 -9999.0 -9999.0 -9999.0 -9999.0 -9999.0
23583 20240728  2.514 -158.61   59.28    13.7     9.9    11.8    11.6    10.3     4.74 C    16.7     9.9    12.4    96.4    81.4    90.8 -99.000 -99.000 -99.000 -99.000 -99.000 -9999.0 -9999.0 -9999.0 -9999.0 -9999.0
23583 20240729  2.514 -158.61   59.28    13.8     8.8    11.3    10.7     0.8    10.37 C    21.1     6.3    11.6    90.5    66.4    78.7 -99.000 -99.000 -99.000 -99.000 -99.000 -9999.0 -9999.0 -9999.0 -9999.0 -9999.0
23583 20240730  2.514 -158.61   59.28    18.8     6.6    12.7    13.1     0.0    22.72 C    25.6     3.2    14.2    93.7    35.6    63.8 -99.000 -99.000 -99.000 -99.000 -99.000 -9999.0 -9999.0 -9999.0 -9999.0 -9999.0
23583 20240731  2.514 -158.61   59.28    20.6     7.3    13.9    14.0     0.0    23.30 C    28.5     4.0    15.8    92.2    40.4    67.0 -99.000 -99.000 -99.000 -99.000 -99.000 -9999.0 -9999.0 -9999.0 -9999.0 -9999.0
23583 20240801  2.514 -158.61   59.28    18.7     7.0    12.9    12.5     0.0    16.74 C    28.2     6.2    14.7    97.9    49.3    78.2 -99.000 -99.000 -99.000 -99.000 -99.000 -9999.0 -9999.0 -9999.0 -9999.0 -9999.0
23583 20240802  2.514 -158.61   59.28    13.1     8.7    10.9    11.0     0.0     8.22 C    20.0     7.0    12.5    91.7    69.1    80.4 -99.000 -99.000 -99.000 -99.000 -99.000 -9999.0 -9999.0 -9999.0 -9999.0 -9999.0
23583 20240803  2.514 -158.61   59.28    18.5     9.4    14.0    13.2     0.0    16.43 C    25.0     8.4    14.8    94.8    48.5    75.1 -99.000 -99.000 -99.000 -99.000 -99.000 -9999.0 -9999.0 -9999.0 -9999.0 -9999.0
23583 20240804  2.514 -158.61   59.28    19.0    11.7    15.3    14.0     1.4     7.09 C    23.7    11.3    14.2    92.7    60.5    79.2 -99.000 -99.000 -99.000 -99.000 -99.000 -9999.0 -9999.0 -9999.0 -9999.0 -9999.0
23583 20240805  2.514 -158.61   59.28    15.2    11.3    13.3    12.8    25.3     2.34 C    16.3    11.2    12.8    94.8    75.2    88.1 -99.000 -99.000 -99.000 -99.000 -99.000 -9999.0 -9999.0 -9999.0 -9999.0 -9999.0
23583 20240806  2.514 -158.61   59.28    14.7    11.2    13.0    12.3     8.9     4.65 C    18.0    10.8    13.0    96.5    71.5    87.7 -99.000 -99.000 -99.000 -99.000 -99.000 -9999.0 -9999.0 -9999.0 -9999.0 -9999.0
23583 20240807  2.514 -158.61   59.28    16.1     6.4    11.2    12.1     1.7    11.34 C    22.0     4.0    13.0    95.9    64.9    86.0 -99.000 -99.000 -99.000 -99.000 -99.000 -9999.0 -9999.0 -9999.0 -9999.0 -9999.0
23583 20240808  2.514 -158.61   59.28    14.0     5.6     9.8     9.8     0.0     9.51 C    21.2     3.3    10.9    95.1    56.5    79.4 -99.000 -99.000 -99.000 -99.000 -99.000 -9999.0 -9999.0 -9999.0 -9999.0 -9999.0
23583 20240809  2.514 -158.61   59.28    10.6     4.2     7.4     8.3     4.6     6.00 C    16.0     2.3     8.6    94.9    79.0    87.8 -99.000 -99.000 -99.000 -99.000 -99.000 -9999.0 -9999.0 -9999.0 -9999.0 -9999.0
23583 20240810  2.514 -158.61   59.28    11.8     8.7    10.3     9.7    48.7     2.57 C    12.5     8.4     9.7    95.2    90.0    93.2 -99.000 -99.000 -99.000 -99.000 -99.000 -9999.0 -9999.0 -9999.0 -9999.0 -9999.0
23583 20240811  2.514 -158.61   59.28    16.5     9.1    12.8    11.6     0.0    16.22 C    25.7     6.3    13.2    94.4    52.8    70.1 -99.000 -99.000 -99.000 -99.000 -99.000 -9999.0 -9999.0 -9999.0 -9999.0 -9999.0
23583 20240812  2.514 -158.61   59.28    16.2     6.8    11.5    11.9     0.0    21.77 C    24.7     3.7    14.2    92.6    48.6    68.7 -99.000 -99.000 -99.000 -99.000 -99.000 -9999.0 -9999.0 -9999.0 -9999.0 -9999.0
23583 20240813  2.514 -158.61   59.28    17.5     3.5    10.5    10.8     0.0    22.23 C    26.5     1.1    12.6    96.9    48.2    74.7 -99.000 -99.000 -99.000 -99.000 -99.000 -9999.0 -9999.0 -9999.0 -9999.0 -9999.0
23583 20240814  2.514 -158.61   59.28    11.4     5.2     8.3     8.9     0.0     4.28 C    14.6     3.7     9.7    98.0    71.6    86.3 -99.000 -99.000 -99.000 -99.000 -99.000 -9999.0 -9999.0 -9999.0 -9999.0 -9999.0
23583 20240815  2.514 -158.61   59.28    14.4     9.8    12.1    12.1    68.4     1.78 C    14.6     9.7    11.9    94.4    86.0    92.1 -99.000 -99.000 -99.000 -99.000 -99.000 -9999.0 -9999.0 -9999.0 -9999.0 -9999.0
23583 20240816  2.514 -158.61   59.28    14.4     9.7    12.0    11.3     0.0    12.61 C    21.8     8.6    12.8    93.1    66.4    79.2 -99.000 -99.000 -99.000 -99.000 -99.000 -9999.0 -9999.0 -9999.0 -9999.0 -9999.0
23583 20240817  2.514 -158.61   59.28    16.4     9.7    13.0    13.9    33.7     3.44 C    17.5    10.1    14.1    96.5    89.7    93.9 -99.000 -99.000 -99.000 -99.000 -99.000 -9999.0 -9999.0 -9999.0 -9999.0 -9999.0
23583 20240818  2.514 -158.61   59.28    14.4     9.3    11.9    11.4     4.2     4.18 C    15.2     7.6    11.4    95.3    63.9    81.8 -99.000 -99.000 -99.000 -99.000 -99.000 -9999.0 -9999.0 -9999.0 -9999.0 -9999.0
23583 20240819  2.514 -158.61   59.28    13.2     5.3     9.2    10.0     0.0    12.20 C    20.7     2.9    10.4    89.3    52.6    68.7 -99.000 -99.000 -99.000 -99.000 -99.000 -9999.0 -9999.0 -9999.0 -9999.0 -9999.0
23583 20240820  2.514 -158.61   59.28    16.2     1.9     9.1    10.0     0.0    15.63 C    22.5    -0.1    11.4    96.1    45.6    70.4 -99.000 -99.000 -99.000 -99.000 -99.000 -9999.0 -9999.0 -9999.0 -9999.0 -9999.0
23583 20240821  2.514 -158.61   59.28    12.9     9.8    11.4    11.8     1.4     5.38 C    14.7     8.5    12.2    95.1    67.4    83.6 -99.000 -99.000 -99.000 -99.000 -99.000 -9999.0 -9999.0 -9999.0 -9999.0 -9999.0
23583 20240822  2.514 -158.61   59.28    12.3     7.4     9.8    10.5     0.0     6.67 C    16.9     4.6    11.2    92.6    66.1    79.7 -99.000 -99.000 -99.000 -99.000 -99.000 -9999.0 -9999.0 -9999.0 -9999.0 -9999.0
23583 20240823  2.514 -158.61   59.28    12.9     5.4     9.1     9.6     0.0     7.57 C    21.6     2.2    10.0    94.8    62.0    80.4 -99.000 -99.000 -99.000 -99.000 -99.000 -9999.0 -9999.0 -9999.0 -9999.0 -9999.0
23583 20240824  2.514 -158.61   59.28    14.0     5.9    10.0     9.5     0.0    14.91 C    24.7     3.0    10.8    91.8    51.8    73.5 -99.000 -99.000 -99.000 -99.000 -99.000 -9999.0 -9999.0 -9999.0 -9999.0 -9999.0
23583 20240825  2.514 -158.61   59.28    15.2     3.4     9.3     9.7     0.0    18.47 C    24.6     0.7    11.0    94.3    46.4    72.7 -99.000 -99.000 -99.000 -99.000 -99.000 -9999.0 -9999.0 -9999.0 -9999.0 -9999.0
23583 20240826  2.514 -158.61   59.28    12.7     6.5     9.6     9.3    12.1     3.29 C    13.8     6.4     9.6    95.7    87.1    92.0 -99.000 -99.000 -99.000 -99.000 -99.000 -9999.0 -9999.0 -9999.0 -9999.0 -9999.0
23583 20240827  2.514 -158.61   59.28    10.9     8.8     9.8     9.9    11.6     5.64 C    13.6     8.6    10.4    96.1    87.1    92.8 -99.000 -99.000 -99.000 -99.000 -99.000 -9999.0 -9999.0 -9999.0 -9999.0 -9999.0
23583 20240828  2.514 -158.61   59.28    16.2     7.0    11.6    11.0     0.0    16.88 C    25.6     6.0    13.2    97.7    49.9    82.3 -99.000 -99.000 -99.000 -99.000 -99.000 -9999.0 -9999.0 -9999.0 -9999.0 -9999.0
23583 20240829  2.514 -158.61   59.28    15.0     9.1    12.1    11.4     2.3     7.05 C    20.8     7.8    12.2    97.6    67.1    86.9 -99.000 -99.000 -99.000 -99.000 -99.000 -9999.0 -9999.0 -9999.0 -9999.0 -9999.0
23583 20240830  2.514 -158.61   59.28    12.5     9.1    10.8    10.7     2.1     2.38 C    14.0     7.6    10.4    93.6    72.8    82.3 -99.000 -99.000 -99.000 -99.000 -99.000 -9999.0 -9999.0 -9999.0 -9999.0 -9999.0
23583 20240831  2.514 -158.61   59.28    19.6     8.3    14.0    13.2     0.0    15.88 C    26.3     5.7    14.0    93.7    38.0    69.6 -99.000 -99.000 -99.000 -99.000 -99.000 -9999.0 -9999.0 -9999.0 -9999.0 -9999.0
23583 20240901  2.514 -158.61   59.28    17.2     6.7    11.9    11.3     6.0     9.81 C    26.3     3.9    11.7    96.2    50.8    79.6 -99.000 -99.000 -99.000 -99.000 -99.000 -9999.0 -9999.0 -9999.0 -9999.0 -9999.0
23583 20240902  2.514 -158.61   59.28    18.2     4.9    11.5    11.3     0.0    17.26 C    25.3     2.1    12.2    97.9    35.7    75.8 -99.000 -99.000 -99.000 -99.000 -99.000 -9999.0 -9999.0 -9999.0 -9999.0 -9999.0
23583 20240903  2.514 -158.61   59.28    16.7     3.1     9.9     9.9     0.0    13.26 C    22.9     1.0    10.9    98.4    60.4    81.2 -99.000 -99.000 -99.000 -99.000 -99.000 -9999.0 -9999.0 -9999.0 -9999.0 -9999.0
23583 20240904  2.514 -158.61   59.28    14.7    10.6    12.7    12.6     3.4     5.88 C    17.2     9.8    12.6    94.9    61.6    78.6 -99.000 -99.000 -99.000 -99.000 -99.000 -9999.0 -9999.0 -9999.0 -9999.0 -9999.0
23583 20240905  2.514 -158.61   59.28    12.7     9.0    10.9    11.0     5.5     5.39 C    16.1     8.3    11.9    97.3    77.3    91.4 -99.000 -99.000 -99.000 -99.000 -99.000 -9999.0 -9999.0 -9999.0 -9999.0 -9999.0
23583 20240906  2.514 -158.61   59.28 -9999.0 -9999.0 -9999.0 -9999.0     1.7 -9999.00 U -9999.0 -9999.0 -9999.0 -9999.0 -9999.0 -9999.0 -99.000 -99.000 -99.000 -99.000 -99.000 -9999.0 -9999.0 -9999.0 -9999.0 -9999.0
23583 20240907  2.514 -158.61   59.28    16.6     5.3    11.0    10.2     0.0     8.93 C    24.6     3.0    10.6    97.5    65.3    88.1 -99.000 -99.000 -99.000 -99.000 -99.000 -9999.0 -9999.0 -9999.0 -9999.0 -9999.0
23583 20240908  2.514 -158.61   59.28    12.9     9.4    11.2    10.9     0.5     4.45 C    16.2     8.7    11.6    96.4    82.7    92.6 -99.000 -99.000 -99.000 -99.000 -99.000 -9999.0 -9999.0 -9999.0 -9999.0 -9999.0
23583 20240909  2.514 -158.61   59.28 -9999.0 -9999.0 -9999.0 -9999.0 -9999.0 -9999.00 U -9999.0 -9999.0 -9999.0 -9999.0 -9999.0 -9999.0 -99.000 -99.000 -99.000 -99.000 -99.000 -9999.0 -9999.0 -9999.0 -9999.0 -9999.0
